% In god we trust
% I'm Reza Sadeghi and my emails are 
%        reza.sadeghi@imamreza.ac.ir
%        programming.c.c@gmail.com
% Record Time:04/10/2015

% Seeds data set
% Don't have noise data
% 210 samples in 7 dimention
% Original: UCI
% classes 1 2 3

function [dataset] = Seeds()

dataset.names   = {
    'area A'; 
    'perimeter P';
    'compactness C = 4*pi*A/P^2';
    'length of kernel';
    'width of kernel';
    'asymmetry coefficient';
    'length of kernel groove';
    };



dataset.samples = [15.2600000000000,14.8400000000000,0.871000000000000,5.76300000000000,3.31200000000000,2.22100000000000,5.22000000000000;14.8800000000000,14.5700000000000,0.881100000000000,5.55400000000000,3.33300000000000,1.01800000000000,4.95600000000000;14.2900000000000,14.0900000000000,0.905000000000000,5.29100000000000,3.33700000000000,2.69900000000000,4.82500000000000;13.8400000000000,13.9400000000000,0.895500000000000,5.32400000000000,3.37900000000000,2.25900000000000,4.80500000000000;16.1400000000000,14.9900000000000,0.903400000000000,5.65800000000000,3.56200000000000,1.35500000000000,5.17500000000000;14.3800000000000,14.2100000000000,0.895100000000000,5.38600000000000,3.31200000000000,2.46200000000000,4.95600000000000;14.6900000000000,14.4900000000000,0.879900000000000,5.56300000000000,3.25900000000000,3.58600000000000,5.21900000000000;14.1100000000000,14.1000000000000,0.891100000000000,5.42000000000000,3.30200000000000,2.70000000000000,5;16.6300000000000,15.4600000000000,0.874700000000000,6.05300000000000,3.46500000000000,2.04000000000000,5.87700000000000;16.4400000000000,15.2500000000000,0.888000000000000,5.88400000000000,3.50500000000000,1.96900000000000,5.53300000000000;15.2600000000000,14.8500000000000,0.869600000000000,5.71400000000000,3.24200000000000,4.54300000000000,5.31400000000000;14.0300000000000,14.1600000000000,0.879600000000000,5.43800000000000,3.20100000000000,1.71700000000000,5.00100000000000;13.8900000000000,14.0200000000000,0.888000000000000,5.43900000000000,3.19900000000000,3.98600000000000,4.73800000000000;13.7800000000000,14.0600000000000,0.875900000000000,5.47900000000000,3.15600000000000,3.13600000000000,4.87200000000000;13.7400000000000,14.0500000000000,0.874400000000000,5.48200000000000,3.11400000000000,2.93200000000000,4.82500000000000;14.5900000000000,14.2800000000000,0.899300000000000,5.35100000000000,3.33300000000000,4.18500000000000,4.78100000000000;13.9900000000000,13.8300000000000,0.918300000000000,5.11900000000000,3.38300000000000,5.23400000000000,4.78100000000000;15.6900000000000,14.7500000000000,0.905800000000000,5.52700000000000,3.51400000000000,1.59900000000000,5.04600000000000;14.7000000000000,14.2100000000000,0.915300000000000,5.20500000000000,3.46600000000000,1.76700000000000,4.64900000000000;12.7200000000000,13.5700000000000,0.868600000000000,5.22600000000000,3.04900000000000,4.10200000000000,4.91400000000000;14.1600000000000,14.4000000000000,0.858400000000000,5.65800000000000,3.12900000000000,3.07200000000000,5.17600000000000;14.1100000000000,14.2600000000000,0.872200000000000,5.52000000000000,3.16800000000000,2.68800000000000,5.21900000000000;15.8800000000000,14.9000000000000,0.898800000000000,5.61800000000000,3.50700000000000,0.765100000000000,5.09100000000000;12.0800000000000,13.2300000000000,0.866400000000000,5.09900000000000,2.93600000000000,1.41500000000000,4.96100000000000;15.0100000000000,14.7600000000000,0.865700000000000,5.78900000000000,3.24500000000000,1.79100000000000,5.00100000000000;16.1900000000000,15.1600000000000,0.884900000000000,5.83300000000000,3.42100000000000,0.903000000000000,5.30700000000000;13.0200000000000,13.7600000000000,0.864100000000000,5.39500000000000,3.02600000000000,3.37300000000000,4.82500000000000;12.7400000000000,13.6700000000000,0.856400000000000,5.39500000000000,2.95600000000000,2.50400000000000,4.86900000000000;14.1100000000000,14.1800000000000,0.882000000000000,5.54100000000000,3.22100000000000,2.75400000000000,5.03800000000000;13.4500000000000,14.0200000000000,0.860400000000000,5.51600000000000,3.06500000000000,3.53100000000000,5.09700000000000;13.1600000000000,13.8200000000000,0.866200000000000,5.45400000000000,2.97500000000000,0.855100000000000,5.05600000000000;15.4900000000000,14.9400000000000,0.872400000000000,5.75700000000000,3.37100000000000,3.41200000000000,5.22800000000000;14.0900000000000,14.4100000000000,0.852900000000000,5.71700000000000,3.18600000000000,3.92000000000000,5.29900000000000;13.9400000000000,14.1700000000000,0.872800000000000,5.58500000000000,3.15000000000000,2.12400000000000,5.01200000000000;15.0500000000000,14.6800000000000,0.877900000000000,5.71200000000000,3.32800000000000,2.12900000000000,5.36000000000000;16.1200000000000,15,0.900000000000000,5.70900000000000,3.48500000000000,2.27000000000000,5.44300000000000;16.2000000000000,15.2700000000000,0.873400000000000,5.82600000000000,3.46400000000000,2.82300000000000,5.52700000000000;17.0800000000000,15.3800000000000,0.907900000000000,5.83200000000000,3.68300000000000,2.95600000000000,5.48400000000000;14.8000000000000,14.5200000000000,0.882300000000000,5.65600000000000,3.28800000000000,3.11200000000000,5.30900000000000;14.2800000000000,14.1700000000000,0.894400000000000,5.39700000000000,3.29800000000000,6.68500000000000,5.00100000000000;13.5400000000000,13.8500000000000,0.887100000000000,5.34800000000000,3.15600000000000,2.58700000000000,5.17800000000000;13.5000000000000,13.8500000000000,0.885200000000000,5.35100000000000,3.15800000000000,2.24900000000000,5.17600000000000;13.1600000000000,13.5500000000000,0.900900000000000,5.13800000000000,3.20100000000000,2.46100000000000,4.78300000000000;15.5000000000000,14.8600000000000,0.882000000000000,5.87700000000000,3.39600000000000,4.71100000000000,5.52800000000000;15.1100000000000,14.5400000000000,0.898600000000000,5.57900000000000,3.46200000000000,3.12800000000000,5.18000000000000;13.8000000000000,14.0400000000000,0.879400000000000,5.37600000000000,3.15500000000000,1.56000000000000,4.96100000000000;15.3600000000000,14.7600000000000,0.886100000000000,5.70100000000000,3.39300000000000,1.36700000000000,5.13200000000000;14.9900000000000,14.5600000000000,0.888300000000000,5.57000000000000,3.37700000000000,2.95800000000000,5.17500000000000;14.7900000000000,14.5200000000000,0.881900000000000,5.54500000000000,3.29100000000000,2.70400000000000,5.11100000000000;14.8600000000000,14.6700000000000,0.867600000000000,5.67800000000000,3.25800000000000,2.12900000000000,5.35100000000000;14.4300000000000,14.4000000000000,0.875100000000000,5.58500000000000,3.27200000000000,3.97500000000000,5.14400000000000;15.7800000000000,14.9100000000000,0.892300000000000,5.67400000000000,3.43400000000000,5.59300000000000,5.13600000000000;14.4900000000000,14.6100000000000,0.853800000000000,5.71500000000000,3.11300000000000,4.11600000000000,5.39600000000000;14.3300000000000,14.2800000000000,0.883100000000000,5.50400000000000,3.19900000000000,3.32800000000000,5.22400000000000;14.5200000000000,14.6000000000000,0.855700000000000,5.74100000000000,3.11300000000000,1.48100000000000,5.48700000000000;15.0300000000000,14.7700000000000,0.865800000000000,5.70200000000000,3.21200000000000,1.93300000000000,5.43900000000000;14.4600000000000,14.3500000000000,0.881800000000000,5.38800000000000,3.37700000000000,2.80200000000000,5.04400000000000;14.9200000000000,14.4300000000000,0.900600000000000,5.38400000000000,3.41200000000000,1.14200000000000,5.08800000000000;15.3800000000000,14.7700000000000,0.885700000000000,5.66200000000000,3.41900000000000,1.99900000000000,5.22200000000000;12.1100000000000,13.4700000000000,0.839200000000000,5.15900000000000,3.03200000000000,1.50200000000000,4.51900000000000;11.4200000000000,12.8600000000000,0.868300000000000,5.00800000000000,2.85000000000000,2.70000000000000,4.60700000000000;11.2300000000000,12.6300000000000,0.884000000000000,4.90200000000000,2.87900000000000,2.26900000000000,4.70300000000000;12.3600000000000,13.1900000000000,